1 + 1
num <- 1 + 3
1 + 43
5242 + 345346235