1 + 1
num <- 1 + 3
1 + 43
