1 + 1 
21213
Hello World
num <- 12
fsdfsf
pota kaw